# Created by Octave 6.3.0, Thu Oct 28 14:58:14 2021 GMT <unknown@DESKTOP-2QKIC0L>
# name: a
# type: matrix
# rows: 3
# columns: 2
 1 2
 3 4
 5 6


